0.47885033
0.48547524
0.48259616
0.48546082
0.48314035
0.48543942
0.4904651
0.48543715
0.4910298
0.48546377
0.49116683
0.48546377
0.49095494
0.48546377
0.49034122
0.4853286
0.49171594
0.48544678
0.49129483
0.48544303
0.49168378
0.48544303
0.49364677
0.48534834
0.49505493
0.4848046
0.49437314
0.48473713
0.49463278
0.48476467
0.49426144
0.48455894
0.49481705
0.48470414
0.495463
0.48473445
0.49690625
0.48477837
0.49619102
0.4847635
0.4963607
0.48475516
0.49770454
0.48475313
0.47653374
0.48442847
0.47641537
0.48442847
0.4765937
0.48442847
0.4766847
0.48442847
0.47804067
0.48442847
0.48108575
0.48442847
0.4814049
0.48442847
0.4819254
0.48442847
0.4833765
0.48440465
0.48543411
0.48406687
0.48599136
0.48408544
0.48408544
0.48658165
0.5061138
0.48409018
0.5003397
0.48406252
0.49901
0.48404908
0.5002177
0.48406103
0.4999343
0.48406103
0.49669066
0.48406103
0.4982998
0.48406103
0.49820656
0.48406103
0.4962183
0.48406103
0.49648643
0.48406103
0.49210265
0.48406103
0.4905736
0.48406103
0.48928136
0.48406103
0.49399877
0.4840229
0.4937282
0.48401687
0.4905987
0.48401687
0.4840272
0.48904067
0.50655425
0.48450089
0.4993567
0.4844857
0.4951428
0.48443493
0.4925498
0.48443493
0.48235545
0.48441568
0.46955857
0.48429793
0.46509838
0.48433182
0.47302213
0.4842714
0.47250393
0.4842714
0.5077003
0.48426816
0.4993063
0.48427206
0.51201475
0.4842608
0.51058644
0.48419958
0.5024291
0.48419958